17 -79
4 35
63 -64
-34 -37
68 -99
-57 0
74 -93
-1 82
-57 -53
-64 -9
-38 44
97 -10
64 67
-100 -89
-95 -5
52 -73
-49 -41
47 22
93 -22
-45 -85
-84 54
-35 -53
56 -51
-87 4
11 18
-35 -34
82 3
61 16
16 55
-32 18
-38 -80
94 66
0 7
83 -71
34 78
-67 4
79 47
-57 -82
-52 22
-55 -76
-10 -73
-20 64
100 -18
-20 21
13 52
4 1
32 -16
8 -78
-74 90
22 24
-29 -90
-65 66
9 7
-77 14
44 -21
-92 30
17 54
71 -11
56 67
-95 -95
-41 -48
91 17
-82 94
-19 35
65 -49
61 17
93 67
4 -16
-63 9
9 -22
57 -73
80 61
33 -34
70 94
76 82
-20 60
-36 -9
-89 14
-30 -27
-97 -92
-23 89
-3 -24
58 -19
-50 31
-31 -61
5 69
68 10
39 -79
71 80
53 -17
-79 51
-17 94
-52 -61
5 -7
24 -46
59 -47
-79 -9
75 11
-88 74
18 -42