-481 -107
639 366
-239 161
461 552
936 -256
794 -400
-95 -713
-591 -72
-871 205
-397 -431
112 839
119 -35
-899 -304
300 -606
301 -349
662 -584
-296 613
5 -566
476 -300
-724 339
38 -844
-451 -27
988 -815
-389 -898
338 824
592 54
-714 -40
905 -716
-985 350
-105 -938
-400 564
-242 577
-903 617
808 738
-306 -181
-686 -36
-630 527
241 632
-880 -7
-60 223
512 -75
-173 838
-850 -239
626 693
788 -374
210 -4
-753 -463
323 -787
-177 -241
632 109
-898 738
-962 -324
563 -645
-961 835
222 621
673 -932
-574 -107
249 419
757 732
208 -782
-162 608
433 898
36 342
488 -737
942 433
848 348
-577 -32
-205 -537
69 -329
587 1000
-915 373
-403 -304
-762 -257
393 731
-786 -188
188 481
548 829
342 -681
876 291
492 336
-333 -973
726 -694
93 -481
206 588
894 198
653 610
-806 26
-118 -368
-144 -518
-12 26
354 646
754 554
331 -783
243 -730
275 248
737 541
-875 -707
941 614
226 -570
-825 -178
516 -330
457 309
426 549
955 -361
-684 -169
589 -542
-987 160
60 435
-374 862
3 621
-384 736
599 -5
434 -994
630 868
-930 -925
-226 888
43 -484
-906 198
-461 -896
615 829
431 481
-651 -837
781 6
-728 121
-737 -771
455 988
380 -94
-279 -248
-516 159
-681 385
-847 290
-884 624
845 -555
47 371
-430 720
83 -757
627 648
-618 -686
-863 -581
998 -764
54 877
-580 -743
-356 -564
-250 -919
403 754
-723 -38
909 594
-199 468
-273 600
-48 977
-916 151
735 125
-819 -549
710 349
41 -753
865 -216
-569 85
339 -247
42 -442
-541 -85
-44 -91
-467 -166
-808 -272
-587 -649
427 962
293 -673
262 -159
-367 992
956 233
-717 401
586 497
805 925
394 -240
-61 -992
876 958
-729 72
-192 -292
-596 116
245 -26
754 113
-180 -208
781 -300
337 -90
-348 -997
-302 -156
-70 -956
479 313
-287 -151
590 814
-609 428
744 299
-869 -987
-865 967
104 -8
92 280
501 -83
-864 191
708 486
997 322
269 -352
116 891
-672 -178
-992 818
83 -645
-311 854
-326 723
359 845
85 -791
-946 -564
-240 -797
726 -6
820 -691
198 746
750 680
203 184
-966 -556
-125 -114
235 -787
-262 -220
107 699
-432 922
533 -575
-405 -780
860 -246
736 -883
-288 -533
675 448
-611 -499
-897 -420
240 -678
586 -717
476 778
-406 835
-913 634
289 -809
459 -200
109 735
751 -416
227 -112
-512 -453
954 -659
881 81
-669 -17
-928 931
929 -978
-569 131
413 -284
943 -718
-743 239
-231 -578
626 639
69 -636
-112 967
545 24
391 443
-225 -230
264 221
626 -794
855 584
191 244
186 387
243 37
-835 678
-498 -533
-929 -21
-594 -622
-382 562
-56 747
-252 756
-921 138
-734 564
-390 635
-586 -73
-346 -204
-22 5
916 855
-60 919
862 -297
309 662
-987 877
827 -103
-592 -830
546 -988
-862 38
-260 854
577 851
3 516
-52 -858
695 -905
-788 231
-813 -565
-918 15
650 -207
809 321
157 368
871 959
-642 726
933 -455
886 -398
301 -401
-701 749
-845 -363
-396 -706
-3 964
-680 -986
756 -489
830 -583
814 105
-807 -93
33 -706
-335 287
-962 -680
-242 -236
427 -488
265 641
175 -731
507 -143
105 984
646 -287
-367 -250
-871 -832
-370 41
-616 21
598 306
495 -100
885 -498
435 572
10 556
273 -505
27 771
424 902
483 -481
-902 -786
22 -706
-161 184
674 -628
-473 -626
588 -600
-653 100
-133 -572
802 941
23 -759
-435 -960
985 60
-850 357
-911 764
408 974
-297 494
-360 637
374 398
294 -706
0 73
-57 -128
590 -122
438 -311
-259 759
465 914
873 -360
101 -314
158 722
-222 -909
259 -433
479 984
-526 -525
768 -117
258 485
564 657
575 368
-410 -795
156 -176
541 -605
-73 -488
594 -956
-156 603
150 976
530 483
-945 582
790 -579
-244 -53
199 494
-116 -78
-652 -540
211 403
-270 48
221 383
608 35
159 -77
668 519
5 -701
-470 -273
817 -911
305 790
87 -694
-936 285
-354 836
205 341
-185 -690
488 -158
714 -389
342 -506
-277 -599
-56 -449
336 12
531 334
889 -77
577 -539
-558 -45
-418 -265
-548 466
-980 -522
5 172
-8 -648
-173 -48
600 495
37 942
-97 -692
-932 -664
-864 766
-728 252
-387 -103
513 930
-761 -458
-544 -727
-391 -970
-509 267
-320 -237
822 -72
-15 -854
-176 331
-566 483
411 -909
-930 790
788 -610
954 256
905 -605
12 -999
11 -682
726 -409
-239 285
514 582
-574 -200
-560 -800
612 -590
227 85
-432 -951
-60 -388
561 244
-351 406
374 915
475 -749
-865 408
-750 -278
346 -687
-887 601
-949 475
294 -556
82 -204
-112 112
-790 376
39 325
81 -443
455 -539
-217 -765
969 -451
-876 -267
632 602
952 -130
-381 -825
-224 -782
80 501
-441 -190
179 541
977 557
-692 -403
-265 -942
-38 413
-661 -746
952 73
540 610
59 -814
-412 -217
-800 -777
-153 677
-249 746
871 -90
448 -580
-365 -622
-817 844
524 -670
246 104
-909 -522
100 -592
322 -13
-89 567
-841 -292
953 -670
753 -18
-912 841
294 -310
96 421
-353 -445
-893 -834
927 164
-782 956
-306 890
-93 -317
-755 741
46 932
70 -392
645 640
-422 -714
847 452
727 135
-225 -795
255 93
467 387
975 -398
407 -750
-127 -41
-289 658
-206 517
-811 -326
-177 749
309 260
155 -375
895 795
-196 -504
-509 224
-284 513
577 -759
455 -661
924 762
227 -708
997 581
-977 -503
-121 -766
-360 -950
264 104
-802 367
254 146
146 314
662 -567
732 -517
-866 -669
-68 -159
182 553
-501 313
-242 703
922 402
-818 -586
864 -547
-321 -1000
-377 -348
206 301
-672 -37
-434 -882
-881 -957
-350 660
115 -385
918 387
436 270
-905 -398
-600 889
-278 -104
571 608
442 774
155 905
645 898
-638 342
-228 220
-609 -575
-631 -713
567 -413
80 838
209 207
-756 477
674 405
-899 198
-679 895
775 -31
913 -471
-89 -564
-657 371
-707 700
276 658
-677 -913
788 -344
942 -122
-553 982
-572 -189
-222 -394
-712 -166
-596 -212
166 -767
677 -975
-492 663
948 586
-685 -382
602 -459
-981 472
-349 693
-177 883
733 -438
-166 -831
-852 -891
152 -972
878 -723
-511 972
990 480
934 -945
-117 -416
-157 609
535 -213
-670 195
46 446
355 173
-149 79
203 340
422 914
388 217
633 -329
-419 -950
-414 -913
-257 643
-814 482
-424 613
-476 651
414 -973
105 691
-802 -481
584 -588
-315 681
-332 -589
-353 350
-10 -568
802 425
-456 671
18 -257
520 276
-948 17
296 564
901 -918
689 756
-538 -718
-251 184
35 -486
-600 -526
38 903
930 82
-326 484
409 -831
-424 -50
425 186
-224 -684
-372 -573
-740 -884
-413 470
677 108
-537 -618
403 766
967 -556
-861 1000
-840 -907
51 0
176 -366
978 -87
993 388
526 -214
880 435
-48 -117
-945 -646
92 834
203 79
943 233
-847 -110
-490 8
122 -352
-583 -953
-159 193
503 -934
76 250
634 44
707 -675
333 649
180 323
392 298
243 -930
-788 -313
-160 692
-162 115
-658 -839
-747 -692
382 -619
737 949
135 83
737 637
-859 -106
192 -536
-276 361
-669 -760
967 -129
-377 -580
-143 253
52 655
542 -974
415 -729
964 -599
-655 -985
342 -592
869 -544
-181 -177
376 75
426 -949
-626 588
549 -164
-205 -857
-867 343
-786 -471
684 210
-625 -287
-267 -662
176 241
-914 921
-178 -647
669 -712
750 -527
-782 -735
-789 -333
-205 -949
-788 -305
708 919
60 -190
-133 -213
-613 -222
-713 258
-123 235
7 407
-357 74
-53 639
10 -340
560 -765
924 32
-474 -482
-191 -637
-97 629
-126 965
935 953
404 518
227 466
-530 927
357 -948
297 -270
-67 -422
-761 -384
-610 792
-788 -168
490 711
-942 51
622 370
-92 220
-944 -129
359 -957
724 -745
-592 -311
375 670
273 -26
801 148
-314 719
742 912
-20 -403
424 191
660 -213
-129 698
-31 -903
86 -563
-812 917
982 767
364 -821
201 -388
-456 -460
593 -484
-540 -738
-776 -784
580 512
-809 775
305 -318
-955 781
738 62
-407 -95
221 75
676 33
-278 -761
998 594
-745 17
-473 -155
6 890
-254 -683
-569 -841
-419 338
338 -540
-888 -356
489 -570
204 44
250 -782
267 698
736 -726
-65 516
894 442
-300 311
-678 -120
752 919
684 241
496 -744
-918 227
704 673
419 -435
-306 821
870 448
427 -65
729 -54
461 -48
-779 -18
414 -936
493 470
-19 -27
-531 659
764 -95
121 978
122 304
-548 680
-500 418
-696 -622
501 -782
-607 353
77 382
-849 921
782 -839
-440 -661
134 -120
-181 -948
85 622
643 -966
-91 342
-374 -412
117 -863
-855 947
-703 -569
173 562
239 975
678 853
-532 -975
-750 465
-7 865
-315 979
789 -940
-237 -109
-702 215
438 -752
683 366
198 85
786 459
-405 718
831 598
22 -948
-65 -260
-222 280
16 646
-719 -16
-610 832
-451 -27
-506 434
-487 -113
-41 404
189 -114
-44 339
-582 -816
140 -559
-628 -128
-246 365
496 -869
360 -894
394 362
239 608
-393 -613
483 -880
-295 811
698 790
722 835
250 -868
222 -724
-604 -310
-71 888
-163 -217
-3 463
-720 -711
286 697
-368 -170
-618 135
920 -347
-295 -922
846 808
236 195
-266 -50
679 632
-955 -746
-326 336
-520 421
922 -672
111 -713
504 -951
-617 -93
-57 839
762 -791
-512 -240
-867 551
-104 -623
272 486
198 -894
751 275
-17 -514
88 24
165 -161
23 766
-519 -702
-717 780
290 -883
53 -773
465 334
-329 -70
789 598
-650 468
756 780
624 93
-96 529
622 111
670 778
-65 440
967 -99
-336 -426
835 -901
-6 992
-356 497
-563 -881
598 -750
-833 502
847 -413
-968 -874
594 -403
244 -421
27 -549
-67 -560
76 948
471 -452
19 -752
-557 881
-504 584
-913 -301
-160 -656
804 -362
-167 -382
-769 226
118 -361
-192 92
257 -137
71 -863
863 375
343 0
505 717
-518 237
379 918
994 -159
376 349
926 -632
9 331
-506 154
618 345
111 219
621 -34
-329 -329
282 57
444 528
9 -222
926 369
-888 -841
-794 -920
235 718
564 -736
-869 309
-695 -464
-977 89
-299 -435
-760 493
-863 111
-279 763
392 -237
544 277
-239 -764
910 -248
301 531
513 -774