485.595 820.327
-12.360 401.932
279.429 -800.548
-169.120 -799.520
-579.989 -253.605
-444.251 290.570
136.574 -987.647
-540.105 -701.747
-732.994 -691.822
881.607 331.649
868.883 701.743
-172.227 -530.106
300.803 184.530
-425.576 86.305
-246.689 639.553
-407.477 -910.363
-828.757 107.065
562.200 -550.131
526.527 -368.173
109.793 -757.872
-575.240 -299.212
100.975 946.651
39.660 -878.185
-839.495 -649.904
-286.073 930.573
-806.225 -40.615
81.211 -744.876
930.192 643.133
109.407 745.205
-530.928 -505.928
-821.349 500.018
209.450 497.511
-155.515 257.715
-439.789 62.375
-129.892 -863.289
393.122 -947.534
461.670 -473.374
-327.921 -960.113
-778.324 150.552
-168.681 -948.062
233.864 363.113
333.988 908.033
9.115 521.135
-296.968 225.667
-642.515 -865.732
322.993 -818.368
-680.474 -742.601
802.469 -941.917
125.161 265.770
399.431 -66.003
