-13 -45 9
82 60 16
-35 86 17
-46 4 60
-78 94 -40
-78 26 -53
-7 -97 -68
90 60 23
73 -87 37
-3 -93 13
-64 -16 58
-98 65 -45
63 -43 24
39 70 14
-68 96 -55
88 80 -95
-29 -68 60
100 40 -51
67 43 66
-73 95 -3
-2 -56 -6
1 -47 -20
39 96 -70
-84 77 69
-62 -17 -42
54 -19 -16
85 88 -43
-1 -69 -72
57 92 -12
60 31 -12
-27 -68 -58
-72 88 -59
89 -61 98
-73 90 93
78 92 -2
99 -39 -51
-14 -31 39
83 41 34
0 -1 12
9 17 59
-18 -3 51
-17 -9 28
-59 -85 70
-39 46 27
100 -76 64
97 92 -59
-25 36 53
-5 -93 48
0 -69 72
-10 -83 -90
-15 73 28
94 -37 -54
55 96 -89
-81 -77 86
15 -93 24
-61 33 -53
26 -85 -94
-28 -15 -47
91 93 -44
81 81 36
2 -90 -55
13 15 -27
-70 -13 31
37 -70 -26
-82 -10 -21
45 -83 22
-8 21 37
-26 77 93
-58 79 1
11 39 48
39 -76 32
66 30 -55
86 -45 14
53 61 68
26 52 15
-59 26 -7
-62 -65 23
14 46 14
19 -49 -88
75 -100 32
74 -9 -58
-59 86 -73
60 37 36
-35 88 47
63 6 63
-95 69 -80
-62 78 -71
-20 -63 75
7 5 -51
68 44 -24
-92 -4 -57
42 47 26
-22 -28 -31
57 50 87
-52 6 -100
-62 8 59
45 -94 -42
58 -90 7
52 51 -75
-39 41 -80
-5 21 -68
22 -16 53
-70 -96 99
5 -42 45
65 -94 53
-71 -62 17
-17 4 -46
-48 45 47
57 -10 -96
30 25 81
-28 -56 73
35 37 66
34 87 83
-82 -14 27
-89 9 69
17 -19 -93
48 -4 55
-59 -44 48
-27 -81 23
-63 3 -2
-58 41 -5
-92 44 -7
-65 -87 98
96 -76 48
32 -50 -8
14 45 11
10 24 -10
-99 3 -33
-19 -14 -73
97 34 35
16 -97 -64
-23 -8 -66
87 -25 -1
81 -31 6
40 -64 64
-68 -39 62
66 81 48
-61 -94 -36
54 -31 -51
41 -22 -62
13 34 80
-35 75 -31
86 40 -98
80 -15 -23
42 -44 96
73 -79 -30
8 20 32
76 -47 -37
-28 79 -73
-24 -95 -21
85 -46 -81
-32 -82 -41
10 -82 -87
97 -27 100
-12 47 66
-65 -74 -68
-20 80 75
32 93 86
9 -38 -20
-14 -92 28
9 -77 -51
-2 32 78
-16 94 83
23 -61 -16
-50 -86 40
-63 -66 3
-8 -94 57
-86 -54 -6
90 97 26
90 -24 -36
84 73 -36
-1 70 -40
-47 -53 -95
-13 -38 100
26 -94 69
-37 58 42
80 14 -84
-28 -9 -64
-76 -34 2
66 -21 -7
-39 -65 47
100 95 -69
-42 -97 -32
-70 -55 35
-69 10 6
38 86 -51
44 60 50
7 65 60
-27 7 -82
34 -17 98
54 -85 -33
-24 17 25
40 -82 35
-18 97 12
9 -82 1
-47 -59 -12
-38 -9 23
-82 -99 -17
49 72 16
-70 73 -81
-27 -41 42
-10 99 -21
-20 -68 -62
-37 -30 -91
16 -42 64
0 -18 86
38 -93 13
-44 27 -42
87 18 -53
-99 95 74
-37 58 51
40 -28 -13
77 -65 -25
54 -13 -8
-95 -84 77
-65 75 62
22 -32 -3
-78 79 36
-99 -3 -4
-24 58 87
77 -56 -22
6 92 -75
-11 57 0
17 61 -39
16 -20 63
95 17 -32
75 82 -1
45 15 -87
10 51 -92
-29 56 58
7 -59 -91
88 38 92
0 54 59
-91 22 -20
-54 85 28
-50 -65 32
49 47 -81
-33 73 42
-1 -94 -1
-54 5 -55
-73 -66 -43
-58 87 -72
4 -22 -100
-77 -10 -19
85 -1 96
52 100 -48
-68 -7 -55
75 -11 32
39 78 26
-74 0 61
4 71 -15
-50 13 94
90 -88 97
-66 -8 70
97 -15 -69
-66 65 -75
-94 93 17
-61 -3 45
61 89 15
-72 23 -94
33 38 35
-77 28 -85
35 47 8
57 -33 -91
26 34 40
77 -22 18
80 -13 -83
-54 -62 92
1 -7 57
82 46 88
-98 98 -14
29 -5 48
-88 58 89
89 60 12
-37 -12 74
-69 -85 44
93 20 35
65 32 -83
-61 -56 -27
-49 36 65
60 -66 -15
16 -94 62
44 -42 -9
25 -30 -45
25 79 -24
43 -25 -85
-56 -53 99
-83 69 -58
-53 8 54
-53 -11 -72
-1 -50 -82
35 33 78
88 -3 3
12 31 -97
8 -61 31
71 50 -63
-6 85 -29
-80 -8 -36
-39 15 88
81 -35 31
-71 -33 -55
-91 39 17
52 85 78
-76 6 -58
-17 -39 95
25 -97 91
50 87 40
-65 -41 59
96 -16 39
89 -2 -88
100 -93 -38
79 -97 45
-44 1 -43
89 -58 83
94 -47 -32
-47 89 7
77 6 2
-17 23 86
-13 -27 74
97 -46 -64
76 -9 83
5 -34 -81
-15 -66 -8
-54 17 -84
34 51 37
-69 33 -5
-22 -74 -15
93 77 90
-72 2 -3
-62 80 -4
-83 -74 -1
67 -77 72
96 60 -48
-71 -99 -14
72 54 26
-40 -74 -90
-57 -80 -82
-15 -17 -23
-9 -49 37
39 -79 -97
-20 62 21
-31 2 53
-13 -19 -97
57 -95 -70
-35 44 -65
-4 88 -87
-23 67 44
26 -36 -63
-55 36 -98
-2 -20 -2
55 40 24
25 54 -65
-34 25 2
-58 -36 -23
58 -45 -24
73 -66 31
77 -58 66
-55 39 -8
46 79 17
5 93 26
-6 70 -48
16 43 -93
95 50 23
-89 95 -63
-80 41 -40
-78 -94 63
-25 83 -44
51 -47 -23
85 24 -13
-41 0 -22
38 3 36
51 73 5
34 -41 -58
-30 -38 -13
-15 -94 -58
-85 -33 68
-52 39 -91
-43 -14 -97
-75 -85 62
-79 47 91
-100 32 -38
95 -73 35
77 74 43
-79 92 81
30 -7 -86
54 94 -17
-89 -93 9
48 31 3
38 66 -68
32 20 -88
60 -15 72
64 -36 -63
64 -52 -10
20 37 -69
-100 80 23
-10 25 45
78 -95 -97
-69 81 51
-49 99 34
29 61 -11
-37 -43 -99
-31 28 -1
-40 -39 -43
33 -4 -38
85 20 38
28 -66 -13
-50 86 88
-2 -2 -81
59 30 -76
55 84 -53
-8 -78 83
98 60 -22
-73 0 -56
-5 57 11
92 -92 -64
-14 49 -66
24 32 -72
-76 44 75
32 38 42
25 17 76
11 87 -67
-40 -57 44
-80 -2 46
8 -91 -3
-95 92 -10
-29 -45 1
-19 -80 95
66 60 82
-90 -65 72
37 74 32
-30 49 -89
-65 92 -87
24 -36 -77
41 -46 10
-92 -36 81
40 76 -87
42 -41 81
47 80 76
58 33 -13
49 93 73
60 71 -46
46 73 67
33 -69 56
76 -61 39
-37 82 35
-97 57 83
-13 -50 -79
22 63 -24
-27 99 11
-56 -99 -14
59 -7 -44
76 3 1
34 -45 -74
-7 -53 75
95 -49 87
-96 55 -30
82 1 73
18 -19 63
-48 -51 12
-38 59 45
59 -63 -55
-40 -64 97
50 23 68
83 -63 -68
37 -79 33
-91 46 75
-38 0 21
-27 -43 -100
-59 23 -24
82 -15 66
48 -11 25
3 53 -28
-70 79 -41
0 -23 -73
-42 -80 15
-69 -96 -59
62 67 60
94 68 60
88 -66 -6
-78 -35 -73
-19 29 37
-48 -86 -65
-2 51 7
-60 -76 95
-91 -12 90
-3 -8 14
68 58 83
-68 41 -93
46 79 -17
32 32 -65
-50 59 -50
22 -57 57
44 -72 43
53 -43 -90
79 81 -75
-92 67 9
87 13 34
99 56 -3
56 -33 67
-90 -99 16
-43 37 -72
81 -41 36
-87 -82 71
12 32 -24
47 -99 60
78 30 89
-90 -24 -4
-23 -89 20
-22 -45 -52
-23 -52 -59
89 19 36
1 0 -39
87 -20 -43
-66 99 -10
-50 88 -79
-3 -90 -41
29 -77 -70
-71 -80 73
91 -23 77
17 -89 15
83 -70 -69
17 -67 -36
-53 -6 -39
-49 38 -88
-52 79 30
-54 67 67
-26 -7 91
44 -100 18
-42 21 19
-93 62 66
9 2 -85
26 -92 90
-35 83 -11
-50 70 56
1 40 90
-44 -49 -93
-21 -92 3
-20 -100 -90
-85 -24 55
-62 -51 -78
-49 -81 -78
-23 98 99
73 -96 81
37 -3 15
-91 56 54
46 79 16
95 45 17
-75 -16 11
10 -57 -99
2 41 69
12 54 -29
-77 -90 -10
51 72 40
-50 -93 17
-81 -67 85
-61 -20 -5
68 -73 28
-70 -33 61
64 100 63
-61 -40 65
57 84 -86
-83 -11 -55
90 -7 48
-82 -97 51
67 -79 -15
67 -28 -30
26 -11 37
86 -20 1
-97 -36 0
-34 -62 -81
-69 -1 50
2 -10 -1
-84 -71 -15
-14 64 -37
78 -82 65
-7 84 25
-10 40 -25
59 21 26
29 28 -38
-39 37 45
51 91 -49
-90 -23 0
60 4 51
10 63 13
-37 83 -56
-24 -51 -26
16 62 28
-28 -97 17
-59 -63 -79
70 -65 29
-42 -53 12
-32 -22 -9
43 69 1
34 -15 -44
39 64 -79
58 -40 50
0 97 40
53 42 -81
-1 46 -40
20 81 -73
-87 -66 89
53 33 70
-15 -9 -31
67 20 -23
8 19 89
-19 4 -23
-93 61 15
-55 -36 30
36 -62 -59
48 97 -12
89 -23 68
-64 87 45
52 10 -87
88 -48 5
-29 15 100
99 28 71
56 62 36
93 -50 17
-87 -38 -19
67 33 17
56 -93 -10
-69 -78 84
72 68 5
-22 13 -12
-62 11 -64
2 -16 -41
-31 76 21
48 -61 8
98 -78 79
-92 -31 -10
-51 -33 -74
-58 -34 -52
-26 -58 46
-17 82 95
-100 -39 -56
30 84 -19
-58 -57 60
-83 7 -33
90 37 -71
45 -98 -51
-90 -20 96
92 -90 57
43 -87 -33
12 38 62
-5 3 -48
-5 -27 -91
-4 -33 -80
64 -49 -40
-50 99 -83
23 93 -70
71 -57 66
37 -95 79
85 -25 59
76 36 45
-1 36 7
23 68 -29
78 46 -81
-48 6 77
96 -50 57
42 -44 -46
95 4 20
-95 -36 -97
77 -78 89
35 -55 -60
2 7 -91
26 58 -66
-3 -2 -19
-78 -35 96
-52 54 94
-53 42 48
48 52 49
19 2 -67
44 16 -96
-65 -53 -83
-87 -92 -80
-42 97 -54
-84 -73 98
21 -21 -100
74 -41 72
-33 -97 -81
60 28 -95
32 -42 50
24 -87 -89
-11 62 53
-30 -31 -10
27 -48 47
-63 -89 -40
21 -100 36
-93 -94 -26
-77 -94 -30
57 18 22
-91 30 74
-19 48 -69
98 86 -70
8 -86 -71
99 34 -20
15 -52 56
18 40 80
-98 13 -52
-96 -51 44
56 51 40
37 37 58
73 -73 59
84 82 -49
-19 49 76
41 -66 72
70 16 -30
-83 54 83
12 -93 42
40 60 -45
-93 38 -87
-38 78 73
-4 -90 -81
97 -75 21
-63 89 40
63 -4 -23
-66 26 57
-53 31 65
83 21 -1
84 -64 49
-86 59 -94
56 -86 -40
33 44 21
-61 -49 56
-67 3 98
89 -62 -77
-30 64 -70
30 -30 9
-31 -19 40
33 50 28
72 -13 -79
7 18 -25
-47 92 9
75 36 -77
-45 -23 -95
-28 -45 50
100 -60 53
-96 -56 30
80 -34 46
43 84 -47
37 -8 -27
-34 26 11
63 50 13
47 56 81
58 -70 -23
11 -26 -49
5 51 -69
-26 -58 -72
-100 50 1
84 62 55
84 57 -64
-13 32 -58
-1 -44 -96
39 70 54
40 98 -67
-78 -69 17
3 67 -4
-90 98 34
35 45 -73
-25 -44 -88
-28 71 100
37 -24 17
88 -10 -1
-34 -69 82
-83 79 38
-15 -48 34
24 -45 20
69 -64 -25
22 -40 90
-59 -29 62
-8 86 14
20 55 13
-34 -16 -36
-67 -61 -63
34 13 61
94 -84 15
31 -75 27
-17 -94 83
66 -65 5
-29 -72 29
-84 60 28
18 -74 -42
36 -46 25
18 -85 -63
83 47 -46
-71 64 8
-35 72 42
44 72 -14
80 91 56
-27 62 12
-42 -14 -46
21 -72 39
83 92 -31
29 95 46
-32 98 75
-83 -59 -46
14 -15 44
27 20 -90
-56 -2 89
-90 51 -22
-100 81 -18
15 -48 -83
-50 85 -34
-56 -80 -31
-16 65 -77
-72 -16 -29
54 2 -62
-52 -76 57
-41 97 87
-23 -6 -16
18 75 30
-41 61 -37
71 -23 69
75 8 72
92 13 -40
57 39 0
-35 -6 54
31 -87 -66
-41 73 57
-73 34 49
-48 94 62
-30 -82 37
-76 78 -70
59 9 48
17 -5 94
-54 37 70
-54 77 -27
36 61 55
97 31 -85
-55 42 9
47 -35 28
33 82 31
-53 37 -86
82 -4 -14
98 -45 84
71 -60 -28
44 65 -57
-55 24 51
-68 91 31
-62 -12 -51
-32 77 42
-14 0 -9
-31 -49 74
-44 -99 -66
-66 55 12
-34 -72 6
27 -67 48
75 -89 -22
-69 95 -42
-57 54 -83
-100 -94 -85
-85 78 -15
-71 77 -43
-24 -22 -24
32 -50 71
10 -16 10
-19 -88 -52
49 -81 -42
75 80 11
35 8 79
18 -39 -47
-4 -49 -84
1 22 -41
-97 -26 39
38 7 99
24 95 -12
95 -92 71
55 80 88
-76 19 54
-52 1 -5
94 65 72
-24 19 40
86 -2 -10
21 48 -71
17 77 58
25 -55 -86
63 10 34
44 -2 2
-39 -72 -72
-24 61 16
30 42 87
-39 1 77
23 58 -42
-30 98 -62
2 66 -37
35 -65 -44
-23 -33 10
-50 28 -49
23 50 3
31 65 -71
-95 57 -45
-11 -49 -72
41 -73 5
94 51 -8
-59 65 -83
-23 29 96
52 -23 44
-3 -75 -38
71 83 -29
-67 62 -24
91 -67 7
2 -55 48
46 -79 76
-99 -98 -82
89 30 56
-16 20 58
-53 70 -90
100 -62 21
-77 79 31
19 92 13
45 -3 66
39 -33 10
-58 -57 27
-93 -23 -88
-38 -54 53
42 72 -91
-46 -47 82
72 30 -98
78 41 39
100 -86 88
-8 -75 -15
-91 -24 98
98 32 -19
-87 -60 -66
5 95 83
12 13 -36
60 61 -39
28 -11 -13
79 11 -98
-86 -5 66
77 -95 -40
-75 -21 44
65 5 73
73 38 36
-19 4 -4
35 -18 -100
-72 20 -66
62 -59 -89
84 -29 60
-45 -7 14
84 -15 -61
87 37 -23
-76 32 47
63 46 81
35 -12 -12
-25 -69 10
-47 -94 34
-80 -1 -73
11 -80 2
44 95 -6
98 89 -42
-36 39 17
72 21 -38
67 -10 67
71 -14 -45
19 99 13
53 -36 78
-47 95 87
-41 59 -87
-65 -50 42
-12 6 -13
78 12 58
21 7 34
98 -79 2
34 -66 -35
19 34 18
63 70 -3
55 -12 1
23 57 73
59 78 -77
23 -70 -83
-85 87 48
87 1 -69
-12 -4 2
82 -42 87
-14 -50 -82
31 64 90
3 -99 76
85 1 -78
-5 0 -19
87 83 -35
-81 -20 12
29 60 51
-55 16 -61
-79 -37 28
-37 16 46
-74 -47 -88
-35 -75 47
-20 33 -13
65 -57 35
-40 -98 -31
-16 -81 -54
5 -16 -23
-67 79 94
-3 24 -94
77 60 5
-70 33 -62
14 66 -79
-51 97 81
38 -9 33