-951.730 -218.216 -121.590
-126.415 523.810 813.996
627.068 160.247 -26.550
109.548 -168.989 -938.315
-25.483 -842.492 540.355
356.384 70.984 771.249
282.725 83.646 383.402
696.979 572.359 763.742
-974.849 577.080 -526.547
-961.009 866.785 389.732
-398.100 705.631 330.979
835.408 432.066 28.398
-514.751 936.861 -450.862
-13.150 124.120 894.618
604.740 -525.999 -618.386
-648.095 -326.968 -821.177
-424.124 467.913 -670.162
424.160 24.868 -1.669
-158.866 81.642 -83.277
296.085 277.927 866.464
-360.810 -989.736 -146.708
715.400 -436.599 -782.475
56.114 -41.570 219.201
-441.747 -229.907 -561.464
630.218 -228.671 -684.430
128.258 -794.881 -84.479
-121.051 -11.965 351.743
674.880 98.842 -278.663
-535.291 996.377 -761.110
94.557 576.764 317.279
-965.015 283.508 -417.794
-412.931 -313.843 217.268
-329.041 619.107 416.534
-951.945 -981.015 -566.249
-932.330 -618.680 113.107
-514.180 405.801 -532.391
-313.756 729.431 397.658
379.953 -934.261 -936.040
619.262 916.907 -791.147
195.927 555.835 -230.728
-380.877 519.823 -977.342
208.511 589.935 -7.631
-243.065 -785.589 963.325
557.964 572.470 913.102
728.051 -368.740 -698.189
161.634 -517.444 770.444
643.858 466.050 553.986
400.148 337.608 -239.270
61.480 -674.254 -454.275
187.815 -488.400 712.748
-340.357 -362.310 49.136
556.252 327.097 44.633
-410.986 -986.514 678.219
-769.112 949.696 496.558
-191.687 810.175 984.277
551.365 -907.050 841.476
-563.415 490.013 -506.443
290.850 487.083 -654.312
242.534 111.143 847.716
-909.129 -317.805 -263.197
613.042 -665.499 673.570
403.128 501.583 -918.678
-255.843 -715.369 -416.643
621.892 67.200 -792.293
742.896 -566.829 768.392
655.296 854.770 42.882
-455.879 -275.916 939.702
-514.253 677.211 -757.723
282.713 193.989 96.880
780.385 469.656 -165.573
-790.878 634.414 602.965
-617.599 -133.282 -590.326
120.208 964.497 -671.409
648.006 -34.150 693.360
766.613 -444.680 -873.130
-335.664 424.999 -674.413
-740.004 -174.461 829.665
618.176 -224.325 -647.894
82.362 453.909 991.858
652.489 -30.250 223.795
311.344 -402.011 647.556
-247.681 -30.211 -264.780
225.953 221.714 469.698
136.668 3.542 -631.659
636.825 -835.258 617.384
815.074 276.397 247.898
286.766 604.698 -312.151
523.626 -999.926 -697.943
738.478 -102.228 -531.336
802.219 -132.420 -952.352
709.230 580.780 744.508
751.199 554.233 -315.579
-691.050 244.216 894.059
836.570 335.313 -258.495
949.846 168.156 -628.716
-913.787 -884.466 -722.725
-297.478 891.484 100.883
-78.532 -361.760 186.769
308.182 -900.025 -704.547
192.063 773.233 -328.000
-464.257 985.770 -666.426
363.805 -7.610 -353.229
288.123 596.353 161.637
296.599 7.497 -915.423
-179.858 118.324 -816.763
-159.359 959.838 -393.037
-682.917 -789.886 41.531
575.135 110.340 -685.965
-629.578 -726.888 667.515
-952.872 -780.497 -440.064
-370.760 -717.711 -981.161
-333.313 443.230 -974.128
810.607 -136.135 154.763
-81.882 -668.223 -398.178
452.619 528.698 -331.193
-801.957 -372.110 -706.279
554.516 -36.354 -67.408
794.528 78.389 821.747
926.898 -170.742 12.259
-704.804 893.139 -14.546
-285.289 766.245 -140.798
820.467 -146.818 -674.127
622.998 -848.022 -12.703
-907.776 73.754 -264.178
-294.955 -616.347 577.320
-773.604 -675.319 -824.458
227.631 -99.486 -511.203
676.189 769.936 913.960
-284.396 -399.506 -833.397
754.398 -460.215 -601.079
928.773 -769.214 602.457
-148.752 636.914 132.085
-996.955 343.906 -606.617
705.844 723.115 968.426
-63.754 -727.642 -599.008
-154.855 -450.732 460.507
156.871 310.919 591.391
135.102 -810.675 427.353
-552.596 -240.198 972.726
-542.800 -275.135 -432.082
495.229 -450.377 -681.669
951.419 -798.215 -642.371
-550.241 -600.748 89.626
375.622 -570.285 -786.390
-137.144 -454.274 203.169
469.175 -107.312 -61.667
-845.752 -200.069 687.516
307.297 96.440 987.340
-270.618 206.920 224.575
935.844 130.920 -800.437
-934.704 462.380 541.079
-449.927 -566.229 292.422
-811.242 584.154 162.615
-15.060 768.649 -820.780
338.615 344.051 357.527
477.738 -123.369 36.302
672.224 956.942 300.435
279.495 -526.761 -367.814
-124.778 713.380 -593.197
-530.808 855.054 -67.597
-347.615 -544.593 903.820
-273.356 547.928 -303.768
443.323 -268.328 823.224
-98.531 214.050 -260.916
402.324 -420.266 721.169
655.760 715.161 -883.366
135.503 944.415 -149.594
850.497 -352.636 489.772
688.915 327.516 250.582
-590.806 -685.417 485.014
471.882 -822.272 355.882
303.115 -926.335 -863.448
-816.112 -403.157 222.823
-257.870 319.961 135.849
-36.166 71.648 -357.393
734.441 -973.269 -319.363
-430.681 -385.902 929.698
-449.765 879.150 -475.087
-63.328 -365.709 -791.990
147.300 -964.276 -445.303
553.199 737.258 -85.413
762.263 -922.092 -487.466
927.229 -228.998 -410.058
-521.092 324.243 -857.615
683.862 120.434 -164.896
115.819 -675.988 609.366
221.523 60.300 -901.785
-261.390 -987.334 -452.958
170.317 953.767 260.522
658.160 -825.784 -220.852
232.491 397.630 121.830
-954.926 -754.949 315.613
549.647 -682.318 232.472
-360.532 968.103 966.158
-880.860 -921.538 476.127
-285.577 128.077 -444.885
-372.205 -563.343 -259.912
707.867 -166.178 235.204
807.292 -568.159 931.077
-424.189 -421.936 390.880
850.639 -552.956 39.171
846.327 -358.458 41.314
-662.190 541.827 -109.572
-275.173 -41.621 54.309
50.866 -251.043 -262.697
868.882 198.851 -381.082
776.004 319.789 -27.699
443.118 -719.121 565.110
0.474 689.240 464.253
-432.435 -801.396 -621.551
103.518 -132.129 119.513
431.609 173.934 754.898
-818.327 -96.648 -634.482
-121.933 973.200 -304.868
-89.668 -313.370 -183.414
762.438 -684.216 -795.707
274.049 -573.684 517.540
-355.571 -477.456 286.373
-492.433 -880.377 509.797
-442.579 -403.751 -613.658
845.402 282.154 -429.716
115.095 741.640 -624.179
221.719 -906.645 -256.169
-958.972 -475.956 915.042
702.179 -999.342 -275.942
32.703 499.951 -534.008
575.250 -378.778 88.973
994.176 607.570 -183.470
-752.708 -691.960 -142.950
-161.488 -987.508 -550.134
109.121 573.268 966.971
-924.263 -977.965 -718.538
-376.600 -917.179 -989.200
-579.100 221.730 -304.685
810.301 -811.824 461.299
646.737 486.565 202.624
-331.886 -38.991 581.194
69.945 -367.651 -188.281
-301.007 -373.743 810.927
899.022 317.196 756.756
-401.441 -230.038 699.731
-183.171 289.198 -575.682
-200.824 717.743 388.551
615.956 -552.427 484.701
-669.454 -684.052 -603.724
737.403 -685.054 722.125
916.135 81.237 -427.177
176.644 379.025 493.936
-537.623 764.645 140.798
-482.302 -824.241 -193.383
374.312 617.616 952.383
245.903 -88.476 -518.759
-537.580 300.566 -869.971
229.680 -232.980 -473.217
454.884 -540.777 -675.247
215.594 -164.057 -929.881
-758.679 109.543 -311.266
-98.588 648.286 -884.048
958.112 -767.137 134.742
-113.804 -427.343 873.845
906.077 230.795 -903.505
30.973 541.870 382.567
-796.884 -603.540 54.381
355.571 708.032 -783.874
561.247 -507.995 968.473
-706.150 -635.767 -672.847
-101.155 334.395 284.665
469.594 313.684 -734.707
-11.996 -198.480 413.158
-485.823 342.106 762.000
44.961 18.851 177.104
287.227 -726.370 -14.609
377.581 -678.678 -945.971
861.727 -553.936 -664.658
293.949 81.203 -498.425
822.928 -513.854 93.570
708.807 669.204 -359.684
-151.827 273.931 611.296
846.819 -548.442 431.675
-654.586 321.880 -626.395
73.725 39.866 -751.387
923.418 333.781 -724.444
546.498 -703.687 -42.327
814.170 148.200 210.127
-382.417 -446.966 539.902
919.127 709.933 -478.978
500.965 884.251 587.969
-977.001 113.967 -996.167
-813.135 -114.601 39.054
-307.452 78.686 -371.717
419.961 -412.219 -725.701
329.413 127.206 324.343
-729.809 -389.172 -61.708
-221.687 514.887 -795.926
817.834 911.235 -962.171
-716.503 814.216 903.548
-822.988 -12.509 953.534
20.774 805.222 -687.432
-711.555 509.100 -490.236
889.171 -624.619 126.428
142.372 -102.111 -686.490
-841.831 -495.431 872.708
441.683 -115.811 -290.951
766.545 -951.782 -128.807
-526.326 291.064 227.724
-853.668 -479.395 -812.771
-152.855 970.234 399.816
-549.084 603.349 948.699
616.478 -930.218 -812.597
-454.653 -718.930 -874.565
430.140 153.173 608.793
-783.794 786.966 611.624
189.518 -920.647 -488.552
244.136 -980.964 -87.074
-455.605 -331.598 -580.228
-974.307 -304.958 307.421
849.913 -211.718 884.573
-786.454 893.459 468.305
-246.235 -72.572 -575.716
898.776 864.534 -961.535
-924.462 85.391 -558.016
-653.899 263.595 -45.636
-2.844 59.889 993.424
-406.610 -842.138 91.304
-398.919 744.185 -583.088
-903.064 454.080 -634.273
523.858 -643.458 313.484
562.085 543.669 670.167
-314.056 -969.206 820.295
-480.744 292.934 688.344
-4.857 671.580 -992.177
-959.259 -158.617 636.669
-809.948 -583.264 -287.459
-417.995 -847.356 99.706
108.911 819.229 -242.839
-797.286 -700.630 549.374
-488.361 -724.421 -146.751
330.416 -105.373 118.395
615.594 871.396 328.823
553.452 217.216 234.835
-798.484 -175.313 253.454
-699.136 426.013 -264.360
879.196 -212.200 -633.538
853.554 796.950 -75.741
513.162 -37.216 -532.881
907.145 -631.524 357.589
937.932 784.073 -860.556
-931.907 -687.136 198.233
967.854 -297.792 -912.112
20.965 990.091 726.644
390.996 -593.797 869.252
409.813 81.787 -70.480
-559.796 803.452 -952.367
35.426 -781.828 680.621
588.573 -894.825 -269.239
112.038 128.888 -938.599
-698.405 218.735 -931.801
-178.908 66.210 -0.665
875.524 880.039 -878.130
-277.734 -402.710 284.699
628.189 -645.268 -283.830
247.271 866.533 -286.462
931.499 -50.204 823.127
481.885 -942.408 -421.000
547.202 -966.508 -828.639
873.134 -858.007 -384.583
-282.464 334.879 848.340
29.283 741.010 -197.570
-494.668 702.493 86.117
317.233 913.563 429.907
352.236 912.213 183.253
29.672 -218.359 -642.507
915.775 912.779 254.999
-371.501 -205.306 844.494
-632.409 712.505 638.138
-413.504 5.462 138.260
992.461 31.639 -914.317
-269.878 430.659 -789.250
311.692 -434.611 -785.162
-439.977 -812.171 618.503
-894.951 760.569 726.062
-677.637 435.459 -875.361
-434.930 453.889 -595.417
657.666 10.396 -873.397
808.353 833.587 568.270
-990.831 389.097 749.447
-911.724 588.065 205.556
701.605 915.596 971.145
190.674 -613.858 721.830
-438.409 -365.556 343.249
-82.485 -284.742 -420.471
358.683 250.770 -455.086
300.188 959.751 105.990
-729.195 -6.130 -562.684
69.424 -545.223 801.870
728.947 -753.007 609.420
69.016 989.300 -477.745
644.258 -324.012 534.721
-479.547 726.954 948.896
-581.262 -994.979 480.069
-514.917 -323.720 -784.752
-358.642 -959.122 275.776
-475.633 135.954 506.750
124.262 152.795 -553.866
244.810 86.897 84.374
488.853 -751.442 -507.133
686.527 -358.875 315.803
-236.877 -583.889 574.296
-238.140 887.810 324.227
-801.045 713.146 -746.356
945.179 -489.692 -984.092
-378.212 112.703 -288.817
-68.151 300.205 -680.999
52.175 -438.795 -816.003
-896.488 -316.610 -757.068
120.812 441.460 881.472
-841.979 -112.856 -263.885
48.338 939.187 571.254
645.974 -606.645 131.077
688.321 -609.682 -547.174
473.019 253.387 -747.998
252.202 -894.416 408.465
581.193 292.009 -779.030
112.225 -745.884 163.222
-532.361 -920.957 -378.381
704.786 -226.519 -159.457
963.996 792.511 219.151
-787.250 789.080 -746.505
243.987 -931.440 306.031
978.805 432.669 710.627
887.737 -558.521 144.653
545.513 -672.189 986.335
754.249 709.536 395.693
-304.300 -126.462 505.647
93.703 -966.701 -20.471
455.582 -308.839 -27.658
677.822 886.168 664.417
42.819 440.714 -183.591
-226.562 -990.337 -358.576
-630.625 -501.616 -914.111
-868.734 -463.467 -1.338
-316.996 791.932 -50.656
497.730 -383.685 91.081
-957.443 -471.765 -329.605
76.134 -923.703 -286.186
263.140 -919.616 -930.776
703.931 440.975 55.260
-971.849 -218.404 -401.976
-454.907 -945.204 366.110
-639.105 460.226 63.164
667.378 457.102 701.107
698.860 -824.181 -765.858
882.424 -138.269 -154.458
780.549 -581.623 581.061
-814.130 760.008 -213.477
40.522 -38.118 493.411
-450.049 -983.864 -238.484
-563.923 -599.915 -399.074
-243.037 121.547 -549.074
-644.748 366.064 -457.946
105.670 230.185 -583.596
446.626 -164.033 355.408
206.676 -693.169 -533.160
307.896 594.224 830.512
-396.752 143.117 -566.439
953.440 -988.636 108.331
-596.054 -70.510 -753.066
545.673 353.282 -914.859
739.837 -180.007 -896.687
-710.736 575.849 37.753
-865.472 915.512 -824.061
-826.885 336.132 -721.626
36.436 -118.071 -5.177
-898.428 455.938 523.583
-201.845 -624.056 627.279
-103.884 -783.758 -38.055
806.738 -301.865 -415.011
-279.626 374.252 -307.358
-593.585 -999.432 372.998
-325.655 351.845 312.899
578.565 502.663 -744.451
760.737 -969.897 899.391
-624.478 456.218 572.549
92.888 -46.450 743.786
-233.041 824.378 -546.685
807.038 -855.789 754.601
449.090 -46.423 893.141
237.237 -496.839 629.268
-624.660 -52.875 397.019
67.923 -255.786 241.848
450.700 312.151 -832.510
-956.390 -317.430 239.375
-889.860 -962.696 853.547
326.862 659.322 609.090
534.516 281.550 -840.525
-196.766 279.638 672.627
-279.145 135.898 991.012
719.085 866.866 -760.836
-201.799 -272.570 28.945
-114.065 907.827 666.703
944.047 475.044 255.386
-358.383 -943.224 -216.457
-358.036 -523.418 73.555
943.399 439.986 -586.776
-335.890 -829.407 47.830
806.313 -552.246 371.538
-353.868 818.944 375.025
638.314 -437.730 -920.158
-967.118 -883.447 -49.368
580.925 124.661 2.761
471.888 -95.079 578.486
854.421 -96.935 214.921
569.374 322.971 -957.098
-982.804 536.015 -96.082
-919.256 -366.989 -256.208
-624.087 -905.057 -997.722
-102.182 -50.048 -869.001
56.697 842.018 420.728
741.371 -454.198 571.615
-983.279 256.289 95.255
531.956 -607.176 708.851
771.235 -306.277 783.649
499.535 414.247 332.059
-969.288 -870.959 -851.718
618.248 -302.516 -122.008
305.169 685.114 -867.644
606.978 -693.532 619.277
271.082 936.637 797.640
-836.079 -110.737 83.070
-243.410 916.423 902.330
-192.977 439.493 486.080
982.075 22.305 458.869
-596.174 -735.160 857.519
994.127 274.540 743.101
-786.210 775.139 597.552
29.674 610.280 234.430
2.377 757.708 -220.731
583.828 -613.884 117.276
-892.756 263.605 47.207
-469.324 865.393 -585.502
-8.851 -785.138 -979.633
-164.035 595.416 362.636
868.662 -817.462 -432.599
-545.561 -977.781 -190.075
-492.277 145.085 -553.283
297.505 -7.740 -565.550
-495.345 415.954 354.992
539.661 253.934 841.659
173.741 -141.318 -486.268
-361.651 294.086 934.445
172.332 912.975 -428.734
-692.251 265.112 -258.224
705.176 -500.164 258.471
-493.879 -147.546 -696.353
168.366 908.401 626.826
-929.020 -909.689 194.306
-1.928 731.691 296.683
652.584 -57.560 682.966
265.832 30.670 761.997
56.541 687.870 -51.282
-501.377 -586.927 709.723
-9.595 992.628 -661.295
-95.161 311.311 615.922
106.984 729.193 611.662
-81.640 -685.360 -130.695
-620.442 314.590 513.246
176.891 594.182 561.080
470.193 -685.556 -611.260
821.685 395.122 -243.140
-169.619 -419.324 413.859
834.243 48.440 448.025
-274.574 184.222 812.780
595.446 789.458 109.324
-6.137 -279.698 -499.657
59.411 -854.430 -976.466
-993.522 -458.888 497.739
-669.469 237.386 631.466
-588.958 261.554 -809.225
606.341 321.674 -509.394
999.047 654.195 -365.370
652.379 -323.757 -234.724
457.572 583.672 494.059
998.823 -329.075 860.393
733.617 -587.704 912.253
214.902 919.586 -831.022
820.789 -861.460 -670.316
488.363 -779.828 740.176
552.648 908.112 722.901
-831.241 555.215 -994.700
804.961 -67.459 -344.274
73.474 -513.371 630.692
662.049 -396.672 142.191
-801.697 559.746 409.509
-866.097 947.613 -869.192
-226.982 170.495 -47.090
696.346 944.803 819.647
76.369 -972.437 913.637
101.596 -25.214 -241.555
-193.112 801.709 68.715
-411.081 -174.475 990.814
233.195 -209.961 -704.353
-188.151 794.338 138.050
193.924 427.089 197.443
234.311 844.185 -827.229
-643.943 -595.150 939.486
-722.586 930.203 555.084
-234.525 -204.302 612.446
-844.216 -173.625 -865.837
-69.099 163.039 -546.962
-73.235 -698.259 282.504
707.073 -643.807 -594.596
381.136 672.004 -366.191
389.497 -679.559 -579.470
433.743 704.595 -124.857
-623.310 825.459 -731.852
-777.486 456.003 -357.527
-304.172 -378.231 193.695
-357.959 -472.269 582.404
-328.163 -62.481 494.449
-630.538 68.160 -6.138
-425.023 141.845 688.945
-843.997 -460.409 -222.055
-391.441 -767.870 -372.078
995.280 35.863 266.438
877.122 -785.304 986.615
-705.295 -400.910 -163.244
-70.919 900.646 -509.837
21.057 822.683 235.118
599.117 684.582 24.954
309.835 376.342 -688.125
-16.420 524.189 307.798
-608.118 -754.952 378.291
-218.958 -791.870 -600.465
558.076 492.289 -813.868
-563.822 -950.760 450.398
406.634 -807.682 -916.031
328.158 -210.181 110.915
-122.598 -75.783 -247.696
310.634 -503.230 783.301
-569.551 -666.427 594.228
946.464 43.063 678.590
416.412 -679.416 86.473
-742.192 518.903 936.590
462.720 -673.574 72.701
-176.954 -329.614 847.713
-553.436 654.489 218.566
-556.355 363.986 260.484
39.432 -117.376 557.642
245.024 -989.663 195.259
-405.033 80.264 -697.180
912.559 -364.105 76.514
-940.059 -543.283 -474.610
-75.271 -485.501 -503.313
364.261 -996.299 456.712
325.802 1.896 -28.919
-390.692 -834.136 204.676
645.706 251.046 -903.025
-836.149 398.878 228.135
122.228 315.724 -370.330
771.513 496.864 -228.314
-852.510 -583.285 -910.477
633.179 -754.026 833.038
-788.181 657.035 -711.223
644.810 84.939 -543.829
-230.946 -499.116 -217.193
370.896 504.348 834.816
409.737 75.758 -874.892
475.013 938.640 -503.758
-289.093 715.185 106.869
446.250 632.148 -427.712
174.853 -730.645 543.948
-295.728 431.740 39.901
515.677 159.283 -366.008
-941.465 791.683 -511.517
-266.825 447.268 307.393
758.284 743.087 -861.297
369.243 -851.607 -534.001
-376.145 -351.505 897.818
304.220 -972.886 -926.059
316.210 341.568 761.728
-309.763 525.544 795.178
39.129 149.783 39.202
-354.314 -721.115 -432.708
-3.578 62.118 -631.796
440.541 933.775 990.114
-833.918 -75.969 -68.099
231.269 906.117 -897.635
-777.860 -733.470 879.466
607.676 -478.405 -506.789
936.828 -839.059 962.739
-592.621 -380.497 826.938
-606.826 388.572 400.252
-187.508 488.877 -466.137
-460.707 607.303 -98.420
-392.756 218.317 460.976
646.732 128.973 97.716
-124.312 557.852 799.467
-684.361 801.627 458.950
473.889 300.458 -667.725
-774.055 437.220 -203.013
510.148 -910.428 422.324
-153.830 -833.881 -846.602
407.872 -284.224 -838.799
219.291 -252.118 -788.008
754.225 708.860 295.902
-654.043 38.239 647.493
-755.835 6.965 -459.124
-137.541 -605.201 -633.269
612.190 443.520 889.088
832.141 520.594 497.200
-831.118 808.255 700.532
708.375 -976.640 -678.646
-495.301 -364.026 -820.667
-230.539 45.617 982.248
-540.590 -62.500 126.770
827.811 -767.476 -151.274
-35.227 -499.924 25.544
210.362 929.758 966.441
695.684 284.424 -396.090
-140.131 731.862 191.139
247.460 521.187 390.264
728.357 40.674 667.673
-883.075 508.545 444.707
548.774 -688.176 4.442
-664.498 423.885 82.505
-658.213 245.354 -893.660
-391.869 317.864 -440.115
278.202 -545.632 -769.062
-238.232 655.607 -624.746
-204.233 461.311 -291.873
111.310 356.183 -561.592
-893.095 -874.647 197.187
93.423 -868.929 -76.844
736.863 664.432 -521.405
-293.295 -675.781 -702.577
202.449 -540.831 -443.019
949.176 -203.019 -500.526
-153.221 105.108 273.306
-175.825 245.702 268.318
18.729 -80.915 580.883
-612.199 -120.053 -597.678
-993.400 373.802 525.018
-653.116 -299.136 -416.006
-225.592 -926.356 819.861
-976.350 780.534 910.419
-778.142 -171.826 15.888
813.306 698.020 -823.294
968.017 199.140 464.060
-675.019 539.467 53.140
584.108 -609.244 -597.790
627.686 86.168 -501.907
-553.097 -382.447 585.283
-763.661 100.585 -747.342
101.692 -862.676 112.673
634.077 -893.250 942.306
224.874 -804.230 -492.135
-935.283 -316.920 -644.880
204.525 -166.950 691.005
-747.630 -1.355 2.181
352.080 -804.667 593.197
-891.289 186.362 -537.587
542.688 -162.014 -95.410
-141.959 -702.141 -830.318
-537.096 616.426 863.028
-354.492 402.698 852.213
440.185 671.192 424.472
897.384 961.106 120.388
247.426 940.278 -13.893
186.215 -386.606 -403.237
-81.262 249.030 -172.652
213.006 344.047 -125.226
-356.206 821.450 738.159
-441.520 -699.026 -396.560
148.908 225.208 799.687
698.492 -757.692 989.844
773.779 -46.532 -657.155
-581.068 286.114 779.756
930.090 -214.186 935.757
284.254 -703.490 831.903
-660.335 506.993 -625.018
-64.813 -179.819 -171.267
338.498 -931.130 490.465
911.490 78.311 219.876
-400.799 -638.461 666.811
868.486 -123.628 125.359
799.514 71.728 857.449
-124.642 527.810 -426.116
371.426 689.867 570.354
460.676 492.759 742.062
-474.929 234.749 -822.787
-672.469 -565.233 997.031
931.874 213.627 19.965
717.256 -697.810 -941.384
-13.135 -228.684 -102.519
866.003 -985.476 258.831
432.624 132.313 244.306
-300.399 -663.775 630.408
936.849 -719.083 188.368
-275.478 -324.419 163.662
700.694 952.355 506.299
481.062 540.165 730.017
541.121 530.287 -205.255
566.434 -760.690 330.527
221.476 190.038 328.773
350.218 -132.345 371.141
990.877 549.169 -629.507
575.223 -528.452 447.589
290.676 -59.211 720.413
922.740 -220.929 -358.626
-642.272 177.430 400.769
215.564 494.552 -321.394
-691.899 -180.811 480.525
-178.225 455.036 -460.876
-766.436 -110.698 570.776
-91.849 574.401 -423.083
-994.142 479.279 -7.596
-946.235 -583.884 788.489
52.670 621.873 866.473
-279.064 336.499 183.807
-792.626 -599.476 -772.021
316.452 344.780 917.024
192.793 -223.662 671.491
310.380 408.219 -167.753
587.012 436.249 509.198
1.461 -95.223 -39.600
-110.118 -137.375 437.217
305.945 84.494 -643.328
-642.215 987.072 -428.568
648.857 10.366 354.611
-336.211 238.051 606.177
894.136 -410.462 -761.030
934.254 206.161 -436.706
303.791 -989.372 -946.925
-247.528 360.577 494.484
91.267 -889.339 -846.348
99.335 -337.957 286.689
449.569 629.168 -248.016
-200.895 10.515 923.737
332.524 535.176 -823.030
-279.851 616.509 -283.752
-706.859 19.520 -531.418
255.801 -103.855 936.924
-569.463 -468.298 766.620
-289.313 808.831 -574.048
679.029 338.235 -796.088
803.081 498.757 -877.272
559.783 -498.091 -86.114
807.907 605.381 -237.298
217.512 611.113 -692.437
789.686 -4.671 -722.543
964.870 734.496 -100.601
-829.851 10.649 358.294
-238.541 -138.587 -469.855
936.474 824.921 331.123
505.055 90.163 -638.720
-453.533 -548.994 174.659
188.269 948.230 -989.756
449.792 -40.082 -75.206
225.726 -579.185 -64.986
-35.595 850.713 410.369
265.939 190.852 130.239
-161.963 -595.454 369.275
-249.782 -711.400 -762.462
714.175 -564.528 -922.181
690.541 -30.419 412.915
3.040 963.680 329.192
626.478 909.406 -635.638
-893.412 453.408 486.616
-64.787 830.021 535.567
-632.699 -772.111 747.048
-938.604 26.001 -136.739
-995.971 -258.800 -800.948
-24.945 -815.306 625.950
2.773 -907.867 -31.778
-670.612 817.483 -879.679
254.932 24.142 796.227
-201.789 626.217 837.237
99.249 -520.054 -112.305
974.146 -24.029 165.084
942.733 890.944 -575.824
81.166 -101.934 270.831
-51.699 -725.237 943.597
277.039 91.642 454.677
312.255 115.936 -626.137
-590.326 -137.752 756.652
-277.068 -654.032 -260.277
433.242 -391.483 -906.046
-287.040 489.801 242.536
313.382 637.694 451.625
857.615 492.251 -684.330
704.686 747.987 -648.834
172.885 994.773 93.784
0.681 -53.356 636.579
-228.019 47.994 -365.699
-995.485 760.810 -240.311
-763.281 -248.699 -961.014
-494.179 825.309 -564.189
772.081 657.628 -504.107
-715.713 -861.097 -975.527
175.251 -78.192 142.554
588.154 314.458 965.581
-472.008 -78.897 206.610
-692.337 -975.129 494.202
603.428 -279.272 622.175
349.826 -811.868 829.769
-788.659 -875.871 971.619
931.443 373.072 305.547
171.008 62.136 -976.326
-561.422 729.948 442.277
428.234 270.032 371.899
-790.771 -7.063 -533.314
-2.810 414.888 -29.629
277.533 -521.003 -82.183
981.456 -574.654 848.345
570.052 261.127 -576.040
-361.167 -853.406 494.121
607.344 -902.329 -964.665
-280.087 -66.705 844.156
825.433 761.073 -648.838
-877.977 -615.599 -954.971
-761.649 -179.991 258.423
-275.635 636.663 556.490
346.386 512.339 787.004
-140.769 402.279 752.595
-149.451 -888.530 -479.645
-951.105 932.215 301.712
-9.061 837.207 -775.879
-997.539 -63.280 664.014
975.056 -418.225 -792.499
846.433 -164.939 -261.198
-479.908 911.896 840.983
832.382 883.714 480.562
-803.405 -242.796 108.724
714.555 564.748 -874.271
40.203 -756.130 -485.523
-521.783 545.911 586.202
-221.122 -822.561 -80.819
55.407 -546.616 -919.266
-196.973 405.479 348.055
195.406 899.700 384.459
-219.259 -485.062 903.675
564.184 897.676 -10.624
312.245 588.638 -172.386
787.592 -869.613 943.239
409.882 75.564 -681.057
82.156 -591.069 260.820
276.984 70.608 949.085
-233.801 230.428 -415.481
-682.448 -492.152 -693.779
868.686 -435.269 -665.458
299.581 29.039 351.651
141.513 -145.427 676.975
-573.651 -428.150 -122.911
-850.428 -525.044 -667.962
-594.096 706.787 644.891
979.399 -195.362 474.552
12.398 407.441 -522.981
-82.474 271.894 231.736
-94.378 -612.335 -65.342
530.674 58.775 508.676
-577.832 -966.427 -43.548
926.322 -167.547 -30.898
-153.876 0.118 837.131
-6.017 -548.645 -355.409
798.514 230.414 605.717
280.519 459.150 -562.358
-282.737 -865.941 -319.775
212.502 848.640 158.869
-970.093 -505.086 -740.495
-560.530 773.670 -989.238
-308.392 -411.953 -967.328
-917.086 -47.050 -198.380
746.669 -825.578 -834.662
-450.783 -209.085 496.466
-335.374 486.974 208.777
858.276 612.847 66.582
479.847 -405.687 675.964
504.001 -15.359 -251.028
632.734 -216.728 -167.085
611.860 -775.238 -532.961
-983.545 -696.050 -14.291
564.567 -17.495 -481.470
286.681 -39.532 -250.590
-754.008 -266.494 -791.047
664.550 -315.706 439.268
-778.445 -544.543 998.815
132.719 -346.862 -899.500
-610.422 -869.156 -130.467
-842.518 -102.420 492.986
-714.302 -147.970 504.604
-955.004 942.216 -256.915
911.753 714.618 988.694
-581.754 -911.539 985.977
-857.485 -923.040 -526.375
-693.117 828.957 543.783
-408.061 149.635 -276.463
776.859 48.342 429.798
930.256 -600.820 -20.290
717.396 -837.652 670.588
224.878 989.266 -966.589
